captain
05 57 00 00 05 58 00 00 05 59 00 00 05 5A 00 00 05 6F 00 00 05 6B 00 00 05 52 00 00 05 52 00 00 05 52 00 00 05 52 FF FF FF FF FF FF FF FF 00 00 05 60 00 00 05 61 00 00 05 60 00 00 05 61 00 00 05 52 00 00 05 52 00 00 05 69 00 00 05 6A 00 00 05 5F 00 00 05 53

1F 8D 00 00 00 00 00 00 1F 90

1F 8D 00 00 00 00 00 00 1F 90

1F 85 00 00 00 00 00 00 1F 87

1F 85 00 00 00 00 00 00 1F 87

dedede
03 76 00 00 03 77 00 00 03 78 00 00 03 79 00 00 03 7A 00 00 03 8A 00 00 03 A6 00 00 03 A6 00 00 03 A6 00 00 03 A6 00 00 03 76 00 00 03 77 00 00 03 78 00 00 03 79 00 00 03 A6 00 00 03 A6 00 00 03 A6 00 00 03 A6 00 00 03 A6 00 00 03 A6 00 00 03 A6 00 00 03 A6 00 00 03 7D 00 00 03 7E 00 00 03 7D 00 00 03 7E 00 00 03 A6 00 00 03 A6 00 00 03 85 00 00 03 86 00 00 03 83 00 00 03 A7

diddy
08 4C 00 00 08 4D 00 00 08 4E 00 00 08 4F 00 00 08 52 00 00 08 60 00 00 08 47 00 00 08 47 00 00 08 47 00 00 08 47 FF FF FF FF FF FF FF FF 00 00 08 56 00 00 08 56 00 00 08 56 00 00 08 56 00 00 08 47 00 00 08 47 00 00 08 5E 00 00 08 5F 00 00 08 54 00 00 08 48

donkey
04 31 00 00 04 32 00 00 04 33 00 00 04 34 00 00 04 35 00 00 04 37 00 00 04 45 00 00 04 2C 00 00 04 2C 00 00 04 2C 00 00 04 2C 00 00 00 00 FF FF FF FF FF FF FF FF 00 00 04 3B 00 00 04 3B 00 00 04 3B 00 00 04 3B 00 00 04 2C 00 00 04 2C 00 00 04 43 00 00 04 44 00 00 04 39 00 00 04 2D

falco
07 14 00 00 07 15 00 00 07 16 00 00 07 17 00 00 06 E4 00 00 07 28 00 00 07 0F 00 00 07 0F 00 00 07 0F 00 00 07 0F FF FF FF FF FF FF FF FF 00 00 07 1E 00 00 07 1E 00 00 07 1E 00 00 07 1E 00 00 07 0F 00 00 07 0F 00 00 07 26 00 00 07 27 00 00 07 1C 00 00 07 10

fox
04 D8 00 00 04 D9 00 00 04 DA 00 00 04 DB 00 00 04 DD 00 00 04 DE 00 00 04 C6 00 00 04 EC 00 00 04 D3 00 00 04 D3 00 00 04 D3 00 00 04 D3 FF FF FF FF FF FF FF FF 00 00 04 E2 00 00 04 E2 00 00 04 E2 00 00 04 E2 00 00 04 D3 00 00 04 D3 00 00 04 EA 00 00 04 EB 00 00 04 E0 00 00 04 D4

gamewatch
11 6F 00 00 11 72 00 00 11 75 00 00 11 78 00 00 11 7B 00 00 11 7E 00 00 11 81 00 00 11 84 FF FF FF FF FF FF FF FF 00 00 11 6E 00 00 11 77 00 00 11 7D 00 00 11 86 00 00 11 89 00 00 00 00 00 00 06 CF 00 00 06 CF 00 00 06 CF 00 00 06 CF 00 00 06 C0 00 00 06 C0 00 00 11 95 00 00 11 95 00 00 06 CD 00 00 06 C1

10 23 C6 60 00 00 00 00 00 00 11 A4 00 00 00 00 00 00 11 A4 00 00 00 05 10 00 00 06 00 00 00 00 00 00 11 A1 00 00 00 00 00 00 11 A1

ganon
07 44 00 00 07 45 00 00 07 46 00 00 07 47 00 00 07 48 00 00 07 58 00 00 07 3F 00 00 07 3F 00 00 07 3F 00 00 07 3F FF FF FF FF FF FF FF FF 00 00 07 4E 00 00 07 4E 00 00 07 4E 00 00 07 4E 00 00 07 3F 00 00 07 3F 00 00 07 56 00 00 07 57 00 00 07 4C 00 00 07 40

gkoopa
1A 47 00 00 1A 48 00 00 1A 49 00 00 1A 4A 00 00 1A 42 00 00 1A 5B 00 00 1A 42 00 00 1A 42 00 00 1A 42 00 00 1A 42 FF FF FF FF FF FF FF FF 00 00 1A 51 00 00 1A 51 00 00 1A 51 00 00 1A 51 00 00 1A 42 00 00 1A 42 00 00 1A 59 00 00 1A 5A 00 00 1A 4F

ike
09 6F 00 00 09 70 00 00 09 71 00 00 09 72 00 00 09 5F 00 00 09 58 00 00 09 59 00 00 09 83 00 00 09 6A 00 00 09 6A 00 00 09 6A 00 00 09 6A 00 00 09 79 00 00 09 79 00 00 09 79 00 00 09 79 00 00 09 6A 00 00 09 6A 00 00 09 81 00 00 09 82 00 00 09 77 00 00 09 6B

kirby
04 AC 00 00 04 AD 00 00 04 AE 00 00 04 AF 00 00 04 B0 00 00 04 B1 00 00 04 B2 00 00 04 A1 00 00 04 AC 00 00 04 C0 00 00 04 A7 00 00 04 A7 00 00 04 A7 00 00 04 A7 FF FF FF FF FF FF FF FF 00 00 04 B5 00 00 04 B6 00 00 04 B5 00 00 04 B6 00 00 04 A7 00 00 04 A7 00 00 04 BE 00 00 04 BF 00 00 04 B4 00 00 04 A8

koopa
05 A6 00 00 05 A7 00 00 05 A8 00 00 05 A9 00 00 05 AA 00 00 05 AB 00 00 05 BA 00 00 05 A1 00 00 05 A1 00 00 05 A1 00 00 05 A1 00 00 00 00 FF FF FF FF FF FF FF FF 00 00 05 B0 00 00 05 B0 00 00 05 B0 00 00 05 B0 00 00 05 A1 00 00 05 A1 00 00 05 B8 00 00 05 B9 00 00 05 AE 00 00 05 A2

link
02 2C 00 00 02 2D 00 00 02 2E 00 00 02 2F 00 00 02 30 00 00 02 40 00 00 02 51 00 00 02 51 00 00 02 51 00 00 02 51 FF FF FF FF FF FF FF FF 00 00 02 36 00 00 02 36 00 00 02 36 00 00 02 36 00 00 02 51 00 00 02 51 00 00 02 3E 00 00 02 3F 00 00 02 34 00 00 02 52

lucario
09 3C 00 00 09 3D 00 00 09 3E 00 00 09 3F 00 00 09 07 00 00 09 50 00 00 09 37 00 00 09 37 00 00 09 37 00 00 09 37 FF FF FF FF FF FF FF FF 00 00 09 46 00 00 09 46 00 00 09 46 00 00 09 46 00 00 09 37 00 00 09 37 00 00 09 4E 00 00 09 4F 00 00 09 44 00 00 09 38

lucas
08 25 00 00 08 26 00 00 08 27 00 00 08 28 00 00 08 2A 00 00 08 39 00 00 08 20 00 00 08 20 00 00 08 20 00 00 08 20 FF FF FF FF FF FF FF FF 00 00 08 2F 00 00 08 2F 00 00 08 2F 00 00 08 2F 00 00 08 20 00 00 08 20 00 00 08 37 00 00 08 38 00 00 08 2D 00 00 08 21

luigi
05 08 00 00 05 09 00 00 05 0A 00 00 05 0B 00 00 04 F2 00 00 05 1C 00 00 05 03 00 00 05 03 00 00 05 03 00 00 05 03 FF FF FF FF FF FF FF FF 00 00 05 12 00 00 05 12 00 00 04 F6 00 00 04 F6 00 00 04 F6 00 00 04 F6 00 00 05 1A 00 00 05 1B 00 00 05 10 00 00 05 04

marth
06 A3 00 00 06 A4 00 00 06 A5 00 00 06 A6 00 00 06 A7 00 00 06 A8 00 00 06 97 00 00 06 98 00 00 06 99 00 00 06 B7 00 00 06 9E 00 00 06 9E 00 00 06 9E 00 00 06 9E 00 00 06 AC 00 00 06 AD 00 00 06 AC 00 00 06 AD 00 00 06 9E 00 00 06 9E 00 00 06 B5 00 00 06 B6 00 00 06 AB 00 00 06 9F

metaknight
03 44 00 00 03 45 00 00 03 49 00 00 03 47 00 00 03 46 00 00 03 4D 00 00 03 71 00 00 03 71 00 00 03 71 00 00 03 71 00 00 03 66 00 00 03 67 00 00 03 50 00 00 03 4F 00 00 03 50 00 00 03 4F 00 00 03 71 00 00 03 71 00 00 03 54 00 00 03 55 00 00 03 56 00 00 03 72

ness
0E 28 00 00 0E 29 00 00 0E 2A 00 00 0E 2B 00 00 0E 26 00 00 0E 3C 00 00 0E 23 00 00 0E 23 00 00 0E 23 00 00 0E 23 FF FF FF FF FF FF FF FF 00 00 0E 32 00 00 0E 32 00 00 0E 32 00 00 0E 32 00 00 0E 23 00 00 0E 23 00 00 0E 3A 00 00 0E 3B 00 00 0E 30 00 00 0E 24

peach
05 D6 00 00 05 D7 00 00 05 D8 00 00 05 D9 00 00 05 DA 00 00 05 EA 00 00 05 D1 00 00 05 D1 00 00 05 D1 00 00 05 D1 FF FF FF FF FF FF FF FF 00 00 05 DF 00 00 05 E0 00 00 05 DF 00 00 05 E0 00 00 05 D1 00 00 05 D1 00 00 05 E9 00 00 05 E8 00 00 05 DE 00 00 05 D2

pikachu
00 00 00 00 00 00 00 00 00 00 00 00 00 00 00 00 0C BD 00 00 0C BE 00 00 0C BF 00 00 0C C0 00 00 0C C2 00 00 0C C3 00 00 0C BD 00 00 0C BE 00 00 0C BF 00 00 0C C0 00 00 0C C2 00 00 0C C3 00 00 0C BD 00 00 0C BE 00 00 0C BF 00 00 0C C0 00 00 0C C2 00 00 0C C3 00 00 0C BD 00 00 0C D1 00 00 0C B8 00 00 0C B8 00 00 0C B8 00 00 0C B8 00 00 0C B8 00 00 0C B8 00 00 0C BD 00 00 0C BE 00 00 0C BF 00 00 0C C0 00 00 0C B8 00 00 0C B8 00 00 0C B8 00 00 0C B8 00 00 0C B8 00 00 0C B8 00 00 0C B8 00 00 0C B8 00 00 0C B8 00 00 0C B8 00 00 0C B8 00 00 0C B8 00 00 0C B8 00 00 0C B8 00 00 0C B8 00 00 0C B8 00 00 0C B8 00 00 0C B8 00 00 0C B8 00 00 0C B8 00 00 0C B8 00 00 0C B8 00 00 0C B8 00 00 0C B8 00 00 0C B8 00 00 0C B8 00 00 0C B8 00 00 0C B8 00 00 0C B8 00 00 0C B8 00 00 0C B8 00 00 0C B8 00 00 0C B8 00 00 0C B8 00 00 0C B8 00 00 0C B8 00 00 0C B8 00 00 0C B8 00 00 0C B8 00 00 0C B8 00 00 0C C6 00 00 0C C7 00 00 0C C6 00 00 0C C7 00 00 0C B8 00 00 0C B8 00 00 0C CF 00 00 0C D0 00 00 0C C5 00 00 0C B9

pikmin
07 F7 00 00 07 F8 00 00 07 F9 00 00 07 FA 00 00 07 FB 00 00 07 FC 00 00 07 FD 00 00 07 F2 00 00 08 0B 00 00 07 F2 00 00 07 F2 00 00 07 F2 00 00 07 F2 00 00 00 00 FF FF FF FF FF FF FF FF 00 00 08 00 00 00 08 01 00 00 08 00 00 00 08 01 00 00 07 F2 00 00 07 F2 00 00 08 09 00 00 08 0A 00 00 07 FF 00 00 07 F3

pit
02 AA 00 00 02 AB 00 00 02 AC 00 00 02 AD 00 00 02 AA 00 00 00 00 00 00 02 AE 00 00 02 AF 00 00 02 B0 00 00 02 AE 00 00 02 AF 00 00 02 B0 00 00 02 B2 00 00 02 D5 00 00 02 D5 00 00 02 D5 00 00 02 D5 00 00 00 00 00 00 02 B4 00 00 02 B5 00 00 02 B4 00 00 02 B5 00 00 02 D5 00 00 02 D5 00 00 02 B9 00 00 02 BA 00 00 02 BB 00 00 02 D6

pokefushigisou
08 EE 00 00 08 F0 00 00 08 F1 00 00 08 F2 00 00 08 F3 00 00 09 01 00 00 08 E8 00 00 08 E8 00 00 08 E8 00 00 08 E8 FF FF FF FF FF FF FF FF 00 00 08 F6 00 00 08 F7 00 00 08 F6 00 00 08 F7 00 00 08 E8 00 00 08 E8 00 00 14 D6 00 00 14 D7 00 00 08 F5 00 00 08 E9

pokelizardon
08 7D 00 00 08 7E 00 00 08 93 00 00 08 95 00 00 08 96 00 00 08 90 00 00 08 91 00 00 08 90 00 00 08 91 00 00 08 92 FF FF FF FF FF FF FF FF 00 00 08 99 00 00 08 9A 00 00 08 99 00 00 08 9A 00 00 08 8B 00 00 08 8B 00 00 14 D2 00 00 14 D3 00 00 08 98 00 00 08 8C

pokezenigame
08 BB 00 00 08 BC 00 00 08 BD 00 00 08 BE 00 00 08 BF 00 00 08 C0 00 00 08 C1 00 00 08 CF 00 00 08 B6 00 00 08 B6 00 00 08 B6 00 00 08 B6 FF FF FF FF FF FF FF FF 00 00 08 C4 00 00 08 C5 00 00 08 C4 00 00 08 C5 00 00 08 B6 00 00 08 B6 00 00 14 D4 00 00 14 D5 00 00 08 C3 00 00 08 B7

popo
06 51 00 00 06 52 00 00 06 53 00 00 06 54 00 00 06 56 00 00 06 65 00 00 06 4C 00 00 06 4C 00 00 06 4C 00 00 06 4C FF FF FF FF FF FF FF FF 00 00 06 5B 00 00 06 5B 00 00 06 5B 00 00 06 5D 00 00 06 4C 00 00 06 4C 00 00 06 4C 00 00 00 00 00 00 06 63 00 00 06 64 00 00 06 59 00 00 06 4D

06 7C 00 00 06 7D 00 00 06 7E 00 00 06 7F 00 00 06 81 00 00 06 90 00 00 06 77 00 00 06 77 00 00 06 77 00 00 06 77 FF FF FF FF FF FF FF FF 00 00 06 85 00 00 06 86 00 00 06 85 00 00 06 87 00 00 06 77 00 00 06 77 00 00 06 77 00 00 06 8E 00 00 06 8F

purin
09 C3 00 00 09 C4 00 00 09 C5 00 00 09 C7 00 00 09 C8 00 00 09 C9 00 00 09 C3 00 00 09 C4 00 00 09 C5 00 00 09 C6 00 00 09 BE 00 00 09 BE 00 00 09 BE 00 00 09 BE 00 00 09 BE 00 00 09 BE 00 00 09 BE 00 00 09 BE 00 00 09 BE 00 00 09 BE 00 00 09 BE 00 00 09 BE 00 00 09 BE 00 00 09 D7 00 00 09 BE 00 00 09 BE 00 00 09 BE 00 00 09 BE 00 00 09 CC 00 00 09 CD 00 00 09 CC 00 00 09 CD 00 00 09 BE 00 00 09 BE 00 00 09 D5 00 00 09 D6 00 00 09 CB 00 00 09 BF

robot
09 96 00 00 09 97 00 00 09 98 00 00 09 99 00 00 09 AB 00 00 09 AA 00 00 09 91 00 00 09 91 00 00 09 91 00 00 09 91 FF FF FF FF FF FF FF FF 00 00 09 9F 00 00 09 A0 00 00 09 9F 00 00 09 A0 00 00 09 91 00 00 09 91 00 00 09 A8 00 00 09 A9 00 00 09 9E 00 00 09 92

samus
04 53 00 00 04 54 00 00 04 55 00 00 04 56 00 00 04 4D 00 00 04 4E FF FF FF FF FF FF FF FF FF FF FF FF FF FF FF FF 00 00 04 5C 00 00 04 5D 00 00 04 5C 00 00 04 5D 00 00 04 65 00 00 04 66 00 00 04 5B 00 00 04 4F

sheik
06 26 00 00 06 27 00 00 06 28 00 00 06 29 00 00 06 2A 00 00 06 3A 00 00 06 21 00 00 06 21 00 00 06 21 00 00 06 21 FF FF FF FF FF FF FF FF 00 00 06 2F 00 00 06 30 00 00 06 2F 00 00 06 30 00 00 06 21 00 00 06 21 00 00 06 38 00 00 06 39 00 00 06 2E 00 00 06 22

snake
0A 49 00 00 0A 4A 00 00 0A 4B 00 00 0A 4C 00 00 0A 34 00 00 0A 5D 00 00 0A 44 00 00 0A 44 00 00 0A 44 00 00 0A 44 FF FF FF FF FF FF FF FF 00 00 0A 52 00 00 0A 53 00 00 0A 52 00 00 0A 53 00 00 0A 44 00 00 0A 44 00 00 0A 5B 00 00 0A 5C 00 00 0A 51 00 00 0A 45 00 00 0A 38 3F 4C CC CD 00 00 0A 3A 3E 42 8F 5C 00 00 0A 39

sonic
0A 74 00 00 0A 75 00 00 0A 76 00 00 0A 77 00 00 0A 6F 00 00 0A 88 00 00 0A 6F 00 00 0A 6F 00 00 0A 6F 00 00 0A 6F FF FF FF FF FF FF FF FF 00 00 0A 7D 00 00 0A 7E 00 00 0A 7D 00 00 0A 7E 00 00 0A 6F 00 00 0A 6F 00 00 0A 86 00 00 0A 87 00 00 0A 7C 00 00 0A 70

szerosuit
07 97 00 00 07 A9 00 00 07 AB 00 00 07 AD 00 00 07 AE 00 00 00 00 FF FF FF FF FF FF FF FF FF FF FF FF FF FF FF FF 00 00 07 B1 00 00 07 B2 00 00 07 B1 00 00 07 B2 00 00 07 A3 00 00 07 A3 00 00 07 BA 00 00 07 BB 00 00 07 B0 00 00 07 A4

toonlink
09 EC 00 00 09 ED 00 00 09 EE 00 00 09 EF 00 00 09 DE 00 00 0A 00 00 00 09 E7 00 00 09 E7 00 00 09 E7 00 00 09 E7 FF FF FF FF FF FF FF FF 00 00 09 F5 00 00 09 F6 00 00 09 F5 00 00 09 F6 00 00 09 E7 00 00 09 E7 00 00 09 FE 00 00 09 FF 00 00 09 F4 00 00 09 E8

wario
07 7C 00 00 07 7D 00 00 07 7E 00 00 07 7F 00 00 07 7C 00 00 07 90 00 00 07 77 00 00 07 77 00 00 07 77 00 00 07 77 FF FF FF FF FF FF FF FF 00 00 07 85 00 00 07 86 00 00 07 85 00 00 07 86 00 00 07 77 00 00 07 77 00 00 07 8E 00 00 07 8F 00 00 07 84 00 00 07 78

warioman
07 7C 00 00 07 7D 00 00 07 7E 00 00 07 7F 00 00 07 7C 00 00 07 90 00 00 07 77 00 00 07 77 00 00 07 77 00 00 07 77 FF FF FF FF FF FF FF FF 00 00 07 85 00 00 07 86 00 00 07 85 00 00 07 86 00 00 07 77 00 00 07 77 00 00 07 8E 00 00 07 8F 00 00 07 84 00 00 07 78

wolf
0A 1A 00 00 0A 1B 00 00 0A 1C 00 00 0A 1D 00 00 0A 20 00 00 0A 2E 00 00 0A 15 00 00 0A 15 00 00 0A 15 00 00 0A 15 FF FF FF FF FF FF FF FF 00 00 0A 23 00 00 0A 24 00 00 0A 23 00 00 0A 24 00 00 0A 15 00 00 0A 15 00 00 0A 15 00 00 00 00 00 00 0A 2C 00 00 0A 2D 00 00 0A 22 00 00 0A 16

yoshi
04 80 00 00 04 81 00 00 04 82 00 00 04 83 00 00 04 84 00 00 04 94 00 00 04 7B 00 00 04 7B 00 00 04 7B 00 00 04 7B FF FF FF FF FF FF FF FF 00 00 04 89 00 00 04 8A 00 00 04 89 00 00 04 8A 00 00 04 7B 00 00 04 7B 00 00 04 7B 00 00 00 00 00 00 04 92 00 00 04 93 00 00 04 88 00 00 04 7C

zelda
05 FE 00 00 05 FF 00 00 06 00 00 00 06 01 00 00 06 02 00 00 06 12 00 00 05 F9 00 00 05 F9 00 00 05 F9 00 00 05 F9 FF FF FF FF FF FF FF FF 00 00 06 07 00 00 06 08 00 00 06 07 00 00 06 08 00 00 05 F9 00 00 05 F9 00 00 06 10 00 00 06 10 00 00 06 06 00 00 05 FA