"captain", "05 57 00 00 05 58 00 00 05 59 00 00 05 5A 00 00 05 52 00 00 05 6B 00 00 05 52 00 00 05 52 00 00 05 52 00 00 05 52 FF FF FF FF FF FF FF FF 00 00 05 60 00 00 05 61 00 00 05 60 00 00 05 61 00 00 05 52 00 00 05 52 00 00 05 69 00 00 05 6A 00 00 05 5F 00 00 05 53", "17 06 00 00 17 07 00 00 17 08 00 00 17 09 00 00 16 FD 00 00 17 1A 00 00 16 FD 00 00 16 FD 00 00 16 FD 00 00 16 FD FF FF FF FF FF FF FF FF 00 00 17 0F 00 00 17 10 00 00 17 0F 00 00 17 10 00 00 16 FD 00 00 16 FD 00 00 17 18 00 00 17 19 00 00 17 0E 00 00 16 FE"
"captain", "1F 8D 00 00 00 00 00 00 1F 90", "28 29 00 00 00 00 00 00 28 2C"
"captain", "1F 85 00 00 00 00 00 00 1F 87", "28 21 00 00 00 00 00 00 28 23"
"dedede", "03 76 00 00 03 77 00 00 03 78 00 00 03 79 00 00 03 A6 00 00 03 8A 00 00 03 A6 00 00 03 A6 00 00 03 A6 00 00 03 A6 00 00 03 76 00 00 03 77 00 00 03 78 00 00 03 79 00 00 03 A6 00 00 03 A6 00 00 03 A6 00 00 03 A6 00 00 03 A6 00 00 03 A6 00 00 03 A6 00 00 03 A6 00 00 03 7D 00 00 03 7E 00 00 03 7D 00 00 03 7E 00 00 03 A6 00 00 03 A6 00 00 03 85 00 00 03 86 00 00 03 83 00 00 03 A7", "14 F2 00 00 14 F3 00 00 14 F4 00 00 14 F5 00 00 15 22 00 00 15 06 00 00 15 22 00 00 15 22 00 00 15 22 00 00 15 22 00 00 14 F2 00 00 14 F3 00 00 14 F4 00 00 14 F5 00 00 15 22 00 00 15 22 00 00 15 22 00 00 15 22 00 00 15 22 00 00 15 22 00 00 15 22 00 00 15 22 00 00 14 F9 00 00 14 FA 00 00 14 F9 00 00 14 FA 00 00 15 22 00 00 15 22 00 00 15 01 00 00 15 02 00 00 14 FF 00 00 15 23"
"diddy", "08 4C 00 00 08 4D 00 00 08 4E 00 00 08 4F 00 00 08 47 00 00 08 60 00 00 08 47 00 00 08 47 00 00 08 47 00 00 08 47 FF FF FF FF FF FF FF FF 00 00 08 56 00 00 08 56 00 00 08 56 00 00 08 56 00 00 08 47 00 00 08 47 00 00 08 5E 00 00 08 5F 00 00 08 54 00 00 08 48", "0E 61 00 00 0E 62 00 00 0E 63 00 00 0E 64 00 00 0E 58 00 00 0E 75 00 00 0E 58 00 00 0E 58 00 00 0E 58 00 00 0E 58 FF FF FF FF FF FF FF FF 00 00 0E 6B 00 00 0E 6B 00 00 0E 6B 00 00 0E 6B 00 00 0E 58 00 00 0E 58 00 00 0E 73 00 00 0E 74 00 00 0E 69 00 00 0E 59"
"donkey", "04 31 00 00 04 32 00 00 04 33 00 00 04 34 00 00 04 2C 00 00 04 2C 00 00 04 45 00 00 04 2C 00 00 04 2C 00 00 04 2C 00 00 04 2C 00 00 00 00 FF FF FF FF FF FF FF FF 00 00 04 3B 00 00 04 3B 00 00 04 3B 00 00 04 3B 00 00 04 2C 00 00 04 2C 00 00 04 43 00 00 04 44 00 00 04 39 00 00 04 2D", "02 3D 00 00 02 3E 00 00 02 3F 00 00 02 40 00 00 02 34 00 00 02 34 00 00 02 51 00 00 02 34 00 00 02 34 00 00 02 34 00 00 02 34 00 00 00 00 FF FF FF FF FF FF FF FF 00 00 02 47 00 00 02 47 00 00 02 47 00 00 02 47 00 00 02 34 00 00 02 34 00 00 02 4F 00 00 02 50 00 00 02 45 00 00 02 35"
"falco", "07 14 00 00 07 15 00 00 07 16 00 00 07 17 00 00 07 0F 00 00 07 28 00 00 07 0F 00 00 07 0F 00 00 07 0F 00 00 07 0F FF FF FF FF FF FF FF FF 00 00 07 1E 00 00 07 1E 00 00 07 1E 00 00 07 1E 00 00 07 0F 00 00 07 0F 00 00 07 26 00 00 07 27 00 00 07 1C 00 00 07 10", "19 80 00 00 19 81 00 00 19 82 00 00 19 83 00 00 19 77 00 00 19 94 00 00 19 77 00 00 19 77 00 00 19 77 00 00 19 77 FF FF FF FF FF FF FF FF 00 00 19 8A 00 00 19 8A 00 00 19 8A 00 00 19 8A 00 00 19 77 00 00 19 77 00 00 19 92 00 00 19 93 00 00 19 88 00 00 19 78"
"fox", "04 D8 00 00 04 D9 00 00 04 DA 00 00 04 DB 00 00 04 D2 00 00 04 D3 00 00 04 D3 00 00 04 EC 00 00 04 D3 00 00 04 D3 00 00 04 D3 00 00 04 D3 FF FF FF FF FF FF FF FF 00 00 04 E2 00 00 04 E2 00 00 04 E2 00 00 04 E2 00 00 04 D3 00 00 04 D3 00 00 04 EA 00 00 04 EB 00 00 04 E0 00 00 04 D4", "05 E6 00 00 05 E7 00 00 05 E8 00 00 05 E9 00 00 05 DC 00 00 05 DD 00 00 05 DD 00 00 05 FA 00 00 05 DD 00 00 05 DD 00 00 05 DD 00 00 05 DD FF FF FF FF FF FF FF FF 00 00 05 F0 00 00 05 F0 00 00 05 F0 00 00 05 F0 00 00 05 DD 00 00 05 DD 00 00 05 F8 00 00 05 F9 00 00 05 EE 00 00 05 DE"
"gamewatch", "06 C5 00 00 06 C6 00 00 06 C7 00 00 06 C8 00 00 06 C9 00 00 06 CA 00 00 06 CB 00 00 06 C0 FF FF FF FF FF FF FF FF 00 00 06 D9 00 00 06 C0 00 00 06 C0 00 00 06 C0 00 00 06 C0 00 00 00 00 00 00 06 CF 00 00 06 CF 00 00 06 CF 00 00 06 CF 00 00 06 C0 00 00 06 C0 00 00 06 D7 00 00 06 D8 00 00 06 CD 00 00 06 C1", "18 B4 00 00 18 B5 00 00 18 B6 00 00 18 B7 00 00 18 B8 00 00 18 B9 00 00 18 BA 00 00 18 AB FF FF FF FF FF FF FF FF 00 00 18 C8 00 00 18 AB 00 00 18 AB 00 00 18 AB 00 00 18 AB 00 00 00 00 00 00 18 BE 00 00 18 BE 00 00 18 BE 00 00 18 BE 00 00 18 AB 00 00 18 AB 00 00 18 C6 00 00 18 C7 00 00 18 BC 00 00 18 AC"
"gamewatch", "10 23 C6 60 00 00 00 00 00 00 18 6F 00 00 00 00 00 00 11 A4 00 00 00 05 10 00 00 06 00 00 00 00 00 00 18 6C 00 00 00 00 00 00 11 A1", "16 5B E0 80 00 00 00 00 00 00 18 6F 00 00 00 00 00 00 18 6F 00 00 00 05 10 00 00 06 00 00 00 00 00 00 18 6C 00 00 00 00 00 00 18 6C"
"ganon", "07 44 00 00 07 45 00 00 07 46 00 00 07 47 00 00 07 3F 00 00 07 58 00 00 07 3F 00 00 07 3F 00 00 07 3F 00 00 07 3F FF FF FF FF FF FF FF FF 00 00 07 4E 00 00 07 4E 00 00 07 4E 00 00 07 4E 00 00 07 3F 00 00 07 3F 00 00 07 56 00 00 07 57 00 00 07 4C 00 00 07 40", "1A 08 00 00 1A 09 00 00 1A 0A 00 00 1A 0B 00 00 1A 03 00 00 1A 1C 00 00 1A 03 00 00 1A 03 00 00 1A 03 00 00 1A 03 FF FF FF FF FF FF FF FF 00 00 1A 12 00 00 1A 12 00 00 1A 12 00 00 1A 12 00 00 1A 03 00 00 1A 03 00 00 1A 1A 00 00 1A 1B 00 00 1A 10 00 00 28 8F"
"ike", "09 6F 00 00 09 70 00 00 09 71 00 00 09 72 00 00 16 E3 00 00 09 58 00 00 09 59 00 00 09 83 00 00 09 6A 00 00 09 6A 00 00 09 6A 00 00 09 6A 00 00 09 79 00 00 09 79 00 00 09 79 00 00 09 79 00 00 09 6A 00 00 09 6A 00 00 09 81 00 00 09 82 00 00 09 77 00 00 09 6B", "15 A0 00 00 15 A1 00 00 15 A2 00 00 15 A3 00 00 15 3A 00 00 15 85 00 00 15 86 00 00 15 B4 00 00 15 97 00 00 15 97 00 00 15 97 00 00 15 97 00 00 15 AA 00 00 15 AA 00 00 15 AA 00 00 15 AA 00 00 15 97 00 00 15 97 00 00 15 B2 00 00 15 B3 00 00 15 A8 00 00 15 98"
"kirby", "04 AC 00 00 04 AD 00 00 04 AE 00 00 04 AF 00 00 04 A7 00 00 04 A7 00 00 04 A7 00 00 04 A7 00 00 04 A7 00 00 04 C0 00 00 04 A7 00 00 04 A7 00 00 04 A7 00 00 04 A7 FF FF FF FF FF FF FF FF 00 00 04 B5 00 00 04 B6 00 00 04 B5 00 00 04 B6 00 00 04 A7 00 00 04 A7 00 00 04 BE 00 00 04 BF 00 00 04 B4 00 00 04 A8", "05 52 00 00 05 53 00 00 05 54 00 00 05 55 00 00 05 49 00 00 05 49 00 00 05 49 00 00 05 49 00 00 05 49 00 00 05 66 00 00 05 49 00 00 05 49 00 00 05 49 00 00 05 49 FF FF FF FF FF FF FF FF 00 00 05 5B 00 00 05 5C 00 00 05 5B 00 00 05 5C 00 00 05 49 00 00 05 49 00 00 05 64 00 00 05 65 00 00 05 5A 00 00 05 4A"
"koopa", "05 A6 00 00 05 A7 00 00 05 A8 00 00 05 A9 00 00 05 A0 00 00 05 A1 00 00 05 BA 00 00 05 A1 00 00 05 A1 00 00 05 A1 00 00 05 A1 00 00 00 00 FF FF FF FF FF FF FF FF 00 00 05 B0 00 00 05 B0 00 00 05 B0 00 00 05 B0 00 00 05 A1 00 00 05 A1 00 00 05 B8 00 00 05 B9 00 00 05 AE 00 00 05 A2", "07 40 00 00 07 41 00 00 07 42 00 00 07 43 00 00 07 3A 00 00 07 3B 00 00 07 54 00 00 07 3B 00 00 07 3B 00 00 07 3B 00 00 07 3B 00 00 00 00 FF FF FF FF FF FF FF FF 00 00 07 4A 00 00 07 4A 00 00 07 4A 00 00 07 4A 00 00 07 3B 00 00 07 3B 00 00 07 52 00 00 07 53 00 00 07 48 00 00 28 8C"
"gkoopa", "1A 47 00 00 1A 48 00 00 1A 49 00 00 1A 4A 00 00 1A 42 00 00 1A 5B 00 00 1A 42 00 00 1A 42 00 00 1A 42 00 00 1A 42 FF FF FF FF FF FF FF FF 00 00 1A 51 00 00 1A 51 00 00 1A 51 00 00 1A 51 00 00 1A 42 00 00 1A 42 00 00 1A 59 00 00 1A 5A 00 00 1A 4F", "07 CB 00 00 07 CC 00 00 07 CD 00 00 07 CE 00 00 07 C6 00 00 07 DF 00 00 07 C6 00 00 07 C6 00 00 07 C6 00 00 07 C6 FF FF FF FF FF FF FF FF 00 00 07 D5 00 00 07 D5 00 00 07 D5 00 00 07 D5 00 00 07 C6 00 00 07 C6 00 00 07 DD 00 00 07 DE 00 00 07 D3"
"link", "02 2C 00 00 02 2D 00 00 02 2E 00 00 02 2F 00 00 02 51 00 00 02 40 00 00 02 51 00 00 02 51 00 00 02 51 00 00 02 51 FF FF FF FF FF FF FF FF 00 00 02 36 00 00 02 36 00 00 02 36 00 00 02 36 00 00 02 51 00 00 02 51 00 00 02 3E 00 00 02 3F 00 00 02 34 00 00 02 52", "02 D7 00 00 02 D8 00 00 02 D9 00 00 02 DA 00 00 02 FC 00 00 02 EB 00 00 02 FC 00 00 02 FC 00 00 02 FC 00 00 02 FC FF FF FF FF FF FF FF FF 00 00 02 E1 00 00 02 E1 00 00 02 E1 00 00 02 E1 00 00 02 FC 00 00 02 FC 00 00 02 E9 00 00 02 EA 00 00 02 DF 00 00 02 FD"
"lucario", "09 3C 00 00 09 3D 00 00 09 3E 00 00 09 3F 00 00 09 37 00 00 09 50 00 00 09 37 00 00 09 37 00 00 09 37 00 00 09 37 FF FF FF FF FF FF FF FF 00 00 09 46 00 00 09 46 00 00 09 46 00 00 09 46 00 00 09 37 00 00 09 37 00 00 09 4E 00 00 09 4F 00 00 09 44 00 00 09 38", "1A D0 00 00 1A D1 00 00 1A D2 00 00 1A D3 00 00 1A CB 00 00 1A E4 00 00 1A CB 00 00 1A CB 00 00 1A CB 00 00 1A CB FF FF FF FF FF FF FF FF 00 00 1A DA 00 00 1A DA 00 00 1A DA 00 00 1A DA 00 00 1A CB 00 00 1A CB 00 00 1A E2 00 00 1A E3 00 00 1A D8 00 00 1A CC"
"lucas", "08 25 00 00 08 26 00 00 08 27 00 00 08 28 00 00 08 20 00 00 08 39 00 00 08 20 00 00 08 20 00 00 08 20 00 00 08 20 FF FF FF FF FF FF FF FF 00 00 08 2F 00 00 08 2F 00 00 08 2F 00 00 08 2F 00 00 08 20 00 00 08 20 00 00 08 37 00 00 08 38 00 00 08 2D 00 00 08 21", "0D D9 00 00 0D DA 00 00 0D DB 00 00 0D DC 00 00 0D D4 00 00 0D ED 00 00 0D D4 00 00 0D D4 00 00 0D D4 00 00 0D D4 FF FF FF FF FF FF FF FF 00 00 0D E3 00 00 0D E3 00 00 0D E3 00 00 0D E3 00 00 0D D4 00 00 0D D4 00 00 0D EB 00 00 0D EC 00 00 0D E1 00 00 28 90"
"luigi", "05 08 00 00 05 09 00 00 05 0A 00 00 05 0B 00 00 05 03 00 00 05 1C 00 00 05 03 00 00 05 03 00 00 05 03 00 00 05 03 FF FF FF FF FF FF FF FF 00 00 05 12 00 00 05 12 00 00 05 12 00 00 05 12 00 00 05 03 00 00 05 03 00 00 05 1A 00 00 05 1B 00 00 05 10 00 00 05 04", "16 3A 00 00 16 3B 00 00 16 3C 00 00 16 3D 00 00 16 31 00 00 16 4E 00 00 16 31 00 00 16 31 00 00 16 31 00 00 16 31 FF FF FF FF FF FF FF FF 00 00 16 44 00 00 16 44 00 00 16 44 00 00 16 44 00 00 16 31 00 00 16 31 00 00 16 4C 00 00 16 4D 00 00 16 42 00 00 16 32"
"marth", "06 A3 00 00 06 A4 00 00 06 A5 00 00 06 A6 00 00 06 9E 00 00 06 9E 00 00 06 97 00 00 06 98 00 00 06 99 00 00 06 B7 00 00 06 9E 00 00 06 9E 00 00 06 9E 00 00 06 9E 00 00 06 AC 00 00 06 AD 00 00 06 AC 00 00 06 AD 00 00 06 9E 00 00 06 9E 00 00 06 B5 00 00 06 B6 00 00 06 AB 00 00 06 9F", "18 15 00 00 18 16 00 00 18 17 00 00 18 18 00 00 18 0C 00 00 18 0C 00 00 18 05 00 00 18 06 00 00 18 07 00 00 18 29 00 00 18 0C 00 00 18 0C 00 00 18 0C 00 00 18 0C 00 00 18 1E 00 00 18 1F 00 00 18 1E 00 00 18 1F 00 00 18 0C 00 00 18 0C 00 00 18 27 00 00 18 28 00 00 18 1D 00 00 18 0D"
"metaknight", "03 44 00 00 03 45 00 00 03 49 00 00 03 47 00 00 03 71 00 00 03 4D 00 00 03 71 00 00 03 71 00 00 03 71 00 00 03 71 00 00 03 66 00 00 03 67 00 00 03 50 00 00 03 4F 00 00 03 50 00 00 03 4F 00 00 03 71 00 00 03 71 00 00 03 54 00 00 03 55 00 00 03 56 00 00 03 72", "0B DA 00 00 0B DB 00 00 0B DF 00 00 0B DD 00 00 0C 07 00 00 0B E3 00 00 0C 07 00 00 0C 07 00 00 0C 07 00 00 0C 07 00 00 0B FC 00 00 0B FD 00 00 0B E6 00 00 0B E5 00 00 0B E6 00 00 0B E5 00 00 0C 07 00 00 0C 07 00 00 0B EA 00 00 0B EB 00 00 0B EC 00 00 0C 08"
"ness", "0E 28 00 00 0E 29 00 00 0E 2A 00 00 0E 2B 00 00 0E 23 00 00 0E 3C 00 00 0E 23 00 00 0E 23 00 00 0E 23 00 00 0E 23 FF FF FF FF FF FF FF FF 00 00 0E 32 00 00 0E 32 00 00 0E 32 00 00 0E 32 00 00 0E 23 00 00 0E 23 00 00 0E 3A 00 00 0E 3B 00 00 0E 30 00 00 0E 24", "17 92 00 00 17 93 00 00 17 94 00 00 17 95 00 00 17 89 00 00 17 A6 00 00 17 89 00 00 17 89 00 00 17 89 00 00 17 89 FF FF FF FF FF FF FF FF 00 00 17 9C 00 00 17 9C 00 00 17 9C 00 00 17 9C 00 00 17 89 00 00 17 89 00 00 17 A4 00 00 17 A5 00 00 17 9A 00 00 17 8A"
"peach", "05 D6 00 00 05 D7 00 00 05 D8 00 00 05 D9 00 00 05 D1 00 00 05 EA 00 00 05 D1 00 00 05 D1 00 00 05 D1 00 00 05 D1 FF FF FF FF FF FF FF FF 00 00 05 DF 00 00 05 E0 00 00 05 DF 00 00 05 E0 00 00 05 D1 00 00 05 D1 00 00 05 E9 00 00 05 E8 00 00 05 DE 00 00 05 D2", "08 5C 00 00 08 5D 00 00 08 5E 00 00 08 5F 00 00 08 53 00 00 08 70 00 00 08 53 00 00 08 53 00 00 08 53 00 00 08 53 FF FF FF FF FF FF FF FF 00 00 08 65 00 00 08 66 00 00 08 65 00 00 08 66 00 00 08 53 00 00 08 53 00 00 08 6F 00 00 08 6E 00 00 08 64 00 00 08 54"
"pikmin", "07 F7 00 00 07 F8 00 00 07 F9 00 00 07 FA 00 00 07 FB 00 00 07 FC 00 00 07 FD 00 00 07 F2 00 00 08 0B 00 00 07 F2 00 00 07 F2 00 00 07 F2 00 00 07 F2 00 00 00 00 FF FF FF FF FF FF FF FF 00 00 08 00 00 00 08 01 00 00 08 00 00 00 08 01 00 00 07 F2 00 00 07 F2 00 00 08 09 00 00 08 0A 00 00 07 FF 00 00 07 F3", "0D 47 00 00 0D 48 00 00 0D 49 00 00 0D 4A 00 00 0D 4B 00 00 0D 4C 00 00 0D 4D 00 00 0D 3E 00 00 0D 5B 00 00 0D 3E 00 00 0D 3E 00 00 0D 3E 00 00 0D 3E 00 00 00 00 FF FF FF FF FF FF FF FF 00 00 0D 50 00 00 0D 51 00 00 0D 50 00 00 0D 51 00 00 0D 3E 00 00 0D 3E 00 00 0D 59 00 00 0D 5A 00 00 0D 4F 00 00 0D 3F"
"pit", "02 AA 00 00 02 AB 00 00 02 AC 00 00 02 AD 00 00 02 A8 00 00 00 00 00 00 02 AA 00 00 02 AB 00 00 02 AC 00 00 02 AD 00 00 02 A7 00 00 02 A8 00 00 02 B2 00 00 02 D5 00 00 02 D5 00 00 02 D5 00 00 02 D5 00 00 00 00 00 00 02 B4 00 00 02 B5 00 00 02 B4 00 00 02 B5 00 00 02 D5 00 00 02 D5 00 00 02 B9 00 00 02 BA 00 00 02 BB 00 00 02 D6", "0C 64 00 00 0C 65 00 00 0C 66 00 00 0C 67 00 00 0C 62 00 00 00 00 00 00 0C 64 00 00 0C 65 00 00 0C 66 00 00 0C 67 00 00 0C 61 00 00 0C 62 00 00 0C 6C 00 00 0C 8F 00 00 0C 8F 00 00 0C 8F 00 00 0C 8F 00 00 00 00 00 00 0C 6E 00 00 0C 6F 00 00 0C 6E 00 00 0C 6F 00 00 0C 8F 00 00 0C 8F 00 00 0C 73 00 00 0C 74 00 00 0C 75 00 00 0C 90"
"pokefushigisou", "08 ED 00 00 08 EE 00 00 08 EF 00 00 08 F0 00 00 08 E8 00 00 09 01 00 00 08 E8 00 00 08 E8 00 00 08 E8 00 00 08 E8 FF FF FF FF FF FF FF FF 00 00 08 F6 00 00 08 F7 00 00 08 F6 00 00 08 F7 00 00 08 E8 00 00 08 E8 00 00 14 D6 00 00 14 D7 00 00 08 F5 00 00 08 E9", "13 A6 00 00 13 A7 00 00 13 A8 00 00 13 A9 00 00 13 A1 00 00 13 BA 00 00 13 A1 00 00 13 A1 00 00 13 A1 00 00 13 A1 FF FF FF FF FF FF FF FF 00 00 13 AF 00 00 13 B0 00 00 13 AF 00 00 13 B0 00 00 13 A1 00 00 13 A1 00 00 0E 85 00 00 0E 86 00 00 13 AE 00 00 13 A2"
"pokelizardon", "08 90 00 00 08 91 00 00 08 92 00 00 08 93 00 00 08 8B 00 00 08 A4 00 00 08 8B 00 00 08 8B 00 00 08 8B 00 00 08 8B FF FF FF FF FF FF FF FF 00 00 08 99 00 00 08 9A 00 00 08 99 00 00 08 9A 00 00 08 8B 00 00 08 8B 00 00 14 D2 00 00 14 D3 00 00 08 98 00 00 08 8C", "11 02 00 00 11 03 00 00 11 04 00 00 11 05 00 00 10 FD 00 00 11 16 00 00 10 FD 00 00 10 FD 00 00 10 FD 00 00 10 FD FF FF FF FF FF FF FF FF 00 00 11 0B 00 00 11 0C 00 00 11 0B 00 00 11 0C 00 00 10 FD 00 00 10 FD 00 00 0E 81 00 00 0E 82 00 00 11 0A 00 00 10 FE"
"poketrainer", "08 66 00 00 08 67 00 00 08 68 00 00 08 6A 00 00 08 6B 00 00 08 6C 00 00 08 6E 00 00 08 6F 00 00 08 70 00 00 08 72 00 00 08 73 00 00 08 74", "10 2E 00 00 10 2F 00 00 10 30 00 00 10 32 00 00 10 33 00 00 10 34 00 00 10 36 00 00 10 37 00 00 10 38 00 00 10 3A 00 00 10 3B 00 00 10 3C"
"pokezenigame", "08 BB 00 00 08 BC 00 00 08 BD 00 00 08 BE 00 00 08 B4 00 00 08 B5 00 00 08 B6 00 00 08 CF 00 00 08 B6 00 00 08 B6 00 00 08 B6 00 00 08 B6 FF FF FF FF FF FF FF FF 00 00 08 C4 00 00 08 C5 00 00 08 C4 00 00 08 C5 00 00 08 B6 00 00 08 B6 00 00 14 D4 00 00 14 D5 00 00 08 C3 00 00 08 B7", "12 4F 00 00 12 50 00 00 12 51 00 00 12 52 00 00 12 48 00 00 12 49 00 00 12 4A 00 00 12 63 00 00 12 4A 00 00 12 4A 00 00 12 4A 00 00 12 4A FF FF FF FF FF FF FF FF 00 00 12 58 00 00 12 59 00 00 12 58 00 00 12 59 00 00 12 4A 00 00 12 4A 00 00 0E 83 00 00 0E 84 00 00 12 57 00 00 12 4B"
"popo", "06 51 00 00 06 52 00 00 06 53 00 00 06 54 00 00 06 4C 00 00 06 65 00 00 06 4C 00 00 06 4C 00 00 06 4C 00 00 06 4C FF FF FF FF FF FF FF FF 00 00 06 5B 00 00 06 5B 00 00 06 5B 00 00 06 5D 00 00 06 4C 00 00 06 4C 00 00 06 4C 00 00 00 00 00 00 06 63 00 00 06 64 00 00 06 59 00 00 06 4D", "0A 11 00 00 0A 12 00 00 0A 13 00 00 0A 14 00 00 0A 08 00 00 0A 25 00 00 0A 08 00 00 0A 08 00 00 0A 08 00 00 0A 08 FF FF FF FF FF FF FF FF 00 00 0A 1B 00 00 0A 1B 00 00 0A 1B 00 00 0A 1D 00 00 0A 08 00 00 0A 08 00 00 0A 08 00 00 00 00 00 00 0A 23 00 00 0A 24 00 00 0A 19 00 00 0A 09"
"popo", "06 7C 00 00 06 7D 00 00 06 7E 00 00 06 7F 00 00 06 77 00 00 06 90 00 00 06 77 00 00 06 77 00 00 06 77 00 00 06 77 FF FF FF FF FF FF FF FF 00 00 06 85 00 00 06 86 00 00 06 85 00 00 06 87 00 00 06 77 00 00 06 77 00 00 06 77 00 00 06 8E 00 00 06 8F 00 00 06 84", "0A 9E 00 00 0A 9F 00 00 0A A0 00 00 0A A1 00 00 0A 99 00 00 0A B2 00 00 0A 99 00 00 0A 99 00 00 0A 99 00 00 0A 99 FF FF FF FF FF FF FF FF 00 00 0A A7 00 00 0A A8 00 00 0A A7 00 00 0A A9 00 00 0A 99 00 00 0A 99 00 00 0A 99 00 00 0A B0 00 00 0A B1 00 00 0A A6"
"purin", "09 C3 00 00 09 C4 00 00 09 C5 00 00 09 C6 00 00 09 BD 00 00 09 BE 00 00 09 C3 00 00 09 C4 00 00 09 C5 00 00 09 C6 00 00 09 BE 00 00 09 BE 00 00 09 BE 00 00 09 BE 00 00 09 BE 00 00 09 BE 00 00 09 BE 00 00 09 BE 00 00 09 BE 00 00 09 BE 00 00 09 BE 00 00 09 BE 00 00 09 BE 00 00 09 D7 00 00 09 BE 00 00 09 BE 00 00 09 BE 00 00 09 BE 00 00 09 CC 00 00 09 CD 00 00 09 CC 00 00 09 CD 00 00 09 BE 00 00 09 BE 00 00 09 D5 00 00 09 D6 00 00 09 CB 00 00 09 BF", "1D 39 00 00 1D 3A 00 00 1D 3B 00 00 1D 3C 00 00 1D 33 00 00 1D 34 00 00 1D 39 00 00 1D 3A 00 00 1D 3B 00 00 1D 3C 00 00 1D 34 00 00 1D 34 00 00 1D 34 00 00 1D 34 00 00 1D 34 00 00 1D 34 00 00 1D 34 00 00 1D 34 00 00 1D 34 00 00 1D 34 00 00 1D 34 00 00 1D 34 00 00 1D 34 00 00 1D 4D 00 00 1D 34 00 00 1D 34 00 00 1D 34 00 00 1D 34 00 00 1D 42 00 00 1D 43 00 00 1D 42 00 00 1D 43 00 00 1D 34 00 00 1D 34 00 00 1D 4B 00 00 1D 4C 00 00 1D 41 00 00 1D 35"
"robot", "09 96 00 00 09 97 00 00 09 98 00 00 09 99 00 00 09 91 00 00 09 AA 00 00 09 91 00 00 09 91 00 00 09 91 00 00 09 91 FF FF FF FF FF FF FF FF 00 00 09 9F 00 00 09 A0 00 00 09 9F 00 00 09 A0 00 00 09 91 00 00 09 91 00 00 09 A8 00 00 09 A9 00 00 09 9E 00 00 09 92", "1C A3 00 00 1C A4 00 00 1C A5 00 00 1C A6 00 00 1C 9A 00 00 1C B7 00 00 1C 9A 00 00 1C 9A 00 00 1C 9A 00 00 1C 9A FF FF FF FF FF FF FF FF 00 00 1C AC 00 00 1C AD 00 00 1C AC 00 00 1C AD 00 00 1C 9A 00 00 1C 9A 00 00 1C B5 00 00 1C B6 00 00 1C AB 00 00 1C 9B"
"samus", "04 53 00 00 04 54 00 00 04 55 00 00 04 56 00 00 04 4D 00 00 04 4E FF FF FF FF FF FF FF FF FF FF FF FF FF FF FF FF 00 00 04 5C 00 00 04 5D 00 00 04 5C 00 00 04 5D 00 00 04 65 00 00 04 66 00 00 04 5B 00 00 04 4F", "03 83 00 00 03 84 00 00 03 85 00 00 03 86 00 00 03 7D 00 00 03 7E FF FF FF FF FF FF FF FF FF FF FF FF FF FF FF FF 00 00 03 8C 00 00 03 8D 00 00 03 8C 00 00 03 8D 00 00 03 95 00 00 03 96 00 00 03 8B 00 00 28 8A"
"sheik", "06 26 00 00 06 27 00 00 06 28 00 00 06 29 00 00 06 21 00 00 06 3A 00 00 06 21 00 00 06 21 00 00 06 21 00 00 06 21 FF FF FF FF FF FF FF FF 00 00 06 2F 00 00 06 30 00 00 06 2F 00 00 06 30 00 00 06 21 00 00 06 21 00 00 06 38 00 00 06 39 00 00 06 2E 00 00 06 22", "09 81 00 00 09 82 00 00 09 83 00 00 09 84 00 00 09 7C 00 00 09 95 00 00 09 7C 00 00 09 7C 00 00 09 7C 00 00 09 7C FF FF FF FF FF FF FF FF 00 00 09 8A 00 00 09 8B 00 00 09 8A 00 00 09 8B 00 00 09 7C 00 00 09 7C 00 00 09 93 00 00 09 94 00 00 09 89 00 00 28 8E"
"snake", "0A 49 00 00 0A 4A 00 00 0A 4B 00 00 0A 4C 00 00 0A 44 00 00 0A 5D 00 00 0A 44 00 00 0A 44 00 00 0A 44 00 00 0A 44 FF FF FF FF FF FF FF FF 00 00 0A 52 00 00 0A 53 00 00 0A 52 00 00 0A 53 00 00 0A 44 00 00 0A 44 00 00 0A 5B 00 00 0A 5C 00 00 0A 51 00 00 0A 45 00 00 0A 38 3F 4C CC CD 00 00 0A 3A 3E 42 8F 5C 00 00 0A 39", "1F D0 00 00 1F D1 00 00 1F D2 00 00 1F D3 00 00 1F C7 00 00 1F E4 00 00 1F C7 00 00 1F C7 00 00 1F C7 00 00 1F C7 FF FF FF FF FF FF FF FF 00 00 1F D9 00 00 1F DA 00 00 1F D9 00 00 1F DA 00 00 1F C7 00 00 1F C7 00 00 1F E2 00 00 1F E3 00 00 1F D8 00 00 1F C8 00 00 1F BB 3F 4C CC CD 00 00 1F BD 3E 42 8F 5C 00 00 1F BC"
"sonic", "0A 74 00 00 0A 75 00 00 0A 76 00 00 0A 77 00 00 0A 6F 00 00 0A 88 00 00 0A 6F 00 00 0A 6F 00 00 0A 6F 00 00 0A 6F FF FF FF FF FF FF FF FF 00 00 0A 7D 00 00 0A 7E 00 00 0A 7D 00 00 0A 7E 00 00 0A 6F 00 00 0A 6F 00 00 0A 86 00 00 0A 87 00 00 0A 7C 00 00 0A 70", "20 5E 00 00 20 5F 00 00 20 60 00 00 20 61 00 00 20 55 00 00 20 72 00 00 20 55 00 00 20 55 00 00 20 55 00 00 20 55 FF FF FF FF FF FF FF FF 00 00 20 67 00 00 20 68 00 00 20 67 00 00 20 68 00 00 20 55 00 00 20 55 00 00 20 70 00 00 20 71 00 00 20 66 00 00 20 56"
"szerosuit", "07 A8 00 00 07 A9 00 00 07 AA 00 00 07 AB 00 00 07 A3 00 00 00 00 FF FF FF FF FF FF FF FF FF FF FF FF FF FF FF FF 00 00 07 B1 00 00 07 B2 00 00 07 B1 00 00 07 B2 00 00 07 A3 00 00 07 A3 00 00 07 BA 00 00 07 BB 00 00 07 B0 00 00 07 A4", "04 1A 00 00 04 1B 00 00 04 1C 00 00 04 1D 00 00 04 15 00 00 00 00 FF FF FF FF FF FF FF FF FF FF FF FF FF FF FF FF 00 00 04 23 00 00 04 24 00 00 04 23 00 00 04 24 00 00 04 15 00 00 04 15 00 00 04 2C 00 00 04 2D 00 00 04 22 00 00 28 8B"
"toonlink", "09 EC 00 00 09 ED 00 00 09 EE 00 00 09 EF 00 00 09 E7 00 00 0A 00 00 00 09 E7 00 00 09 E7 00 00 09 E7 00 00 09 E7 FF FF FF FF FF FF FF FF 00 00 09 F5 00 00 09 F6 00 00 09 F5 00 00 09 F6 00 00 09 E7 00 00 09 E7 00 00 09 FE 00 00 09 FF 00 00 09 F4 00 00 09 E8", "1E 93 00 00 1E 94 00 00 1E 95 00 00 1E 96 00 00 1E 8A 00 00 1E A7 00 00 1E 8A 00 00 1E 8A 00 00 1E 8A 00 00 1E 8A FF FF FF FF FF FF FF FF 00 00 1E 9C 00 00 1E 9D 00 00 1E 9C 00 00 1E 9D 00 00 1E 8A 00 00 1E 8A 00 00 1E A5 00 00 1E A6 00 00 1E 9B 00 00 1E 8B"
"wario+warioman", "07 7C 00 00 07 7D 00 00 07 7E 00 00 07 7F 00 00 07 77 00 00 07 90 00 00 07 77 00 00 07 77 00 00 07 77 00 00 07 77 FF FF FF FF FF FF FF FF 00 00 07 85 00 00 07 86 00 00 07 85 00 00 07 86 00 00 07 77 00 00 07 77 00 00 07 8E 00 00 07 8F 00 00 07 84 00 00 07 78", "0B 53 00 00 0B 54 00 00 0B 55 00 00 0B 56 00 00 0B 4A 00 00 0B 67 00 00 0B 4A 00 00 0B 4A 00 00 0B 4A 00 00 0B 4A FF FF FF FF FF FF FF FF 00 00 0B 5C 00 00 0B 5D 00 00 0B 5C 00 00 0B 5D 00 00 0B 4A 00 00 0B 4A 00 00 0B 65 00 00 0B 66 00 00 0B 5B 00 00 0B 4B"
"wolf", "0A 1A 00 00 0A 1B 00 00 0A 1C 00 00 0A 1D 00 00 0A 15 00 00 0A 2E 00 00 0A 15 00 00 0A 15 00 00 0A 15 00 00 0A 15 FF FF FF FF FF FF FF FF 00 00 0A 23 00 00 0A 24 00 00 0A 23 00 00 0A 24 00 00 0A 15 00 00 0A 15 00 00 0A 15 00 00 00 00 00 00 0A 2C 00 00 0A 2D 00 00 0A 22 00 00 0A 16", "1F 27 00 00 1F 28 00 00 1F 29 00 00 1F 2A 00 00 1F 1E 00 00 1F 3B 00 00 1F 1E 00 00 1F 1E 00 00 1F 1E 00 00 1F 1E FF FF FF FF FF FF FF FF 00 00 1F 30 00 00 1F 31 00 00 1F 30 00 00 1F 31 00 00 1F 1E 00 00 1F 1E 00 00 1F 1E 00 00 00 00 00 00 1F 39 00 00 1F 3A 00 00 1F 2F 00 00 1F 1F"
"yoshi", "04 80 00 00 04 81 00 00 04 82 00 00 04 83 00 00 04 7B 00 00 04 94 00 00 04 7B 00 00 04 7B 00 00 04 7B 00 00 04 7B FF FF FF FF FF FF FF FF 00 00 04 89 00 00 04 8A 00 00 04 89 00 00 04 8A 00 00 04 7B 00 00 04 7B 00 00 04 7B 00 00 00 00 00 00 04 92 00 00 04 93 00 00 04 88 00 00 04 7C", "04 A9 00 00 04 AA 00 00 04 AB 00 00 04 AC 00 00 04 A0 00 00 04 BD 00 00 04 A0 00 00 04 A0 00 00 04 A0 00 00 04 A0 FF FF FF FF FF FF FF FF 00 00 04 B2 00 00 04 B3 00 00 04 B2 00 00 04 B3 00 00 04 A0 00 00 04 A0 00 00 04 A0 00 00 00 00 00 00 04 BB 00 00 04 BC 00 00 04 B1 00 00 04 A1"
"zelda", "05 FE 00 00 05 FF 00 00 06 00 00 00 06 01 00 00 05 F9 00 00 06 12 00 00 05 F9 00 00 05 F9 00 00 05 F9 00 00 05 F9 FF FF FF FF FF FF FF FF 00 00 06 07 00 00 06 08 00 00 06 07 00 00 06 08 00 00 05 F9 00 00 05 F9 00 00 06 10 00 00 06 11 00 00 06 06 00 00 05 FA", "08 F9 00 00 08 FA 00 00 08 FB 00 00 08 FC 00 00 08 F4 00 00 09 0D 00 00 08 F4 00 00 08 F4 00 00 08 F4 00 00 08 F4 FF FF FF FF FF FF FF FF 00 00 09 02 00 00 09 03 00 00 09 02 00 00 09 03 00 00 08 F4 00 00 08 F4 00 00 09 0B 00 00 09 0C 00 00 09 01 00 00 28 8D"